151,48,865,42,865,85,152,91
252,101,758,95,758,129,252,134
43,177,318,177,318,203,43,203
57,211,302,211,302,252,57,252
345,309,379,303,398,301,435,299,458,299,489,300,515,300,515,323,490,322,457,321,435,321,400,323,377,326,343,331
355,323,641,323,641,369,355,369
350,388,537,388,537,412,350,412
361,416,502,416,502,456,361,456
353,476,788,471,789,497,353,502
348,504,524,504,524,540,348,540
625,505,707,505,707,544,625,544
626,562,806,560,806,588,627,591
350,566,383,565,413,566,449,564,489,564,542,563,565,562,565,587,543,587,490,589,448,589,414,590,383,590,350,590
353,593,550,593,550,633,353,633
627,593,768,593,768,635,627,635
621,651,644,648,677,647,711,645,740,647,778,646,792,647,792,668,777,667,741,667,710,665,677,667,643,668,620,671
354,648,588,645,589,670,355,672
363,678,534,678,534,715,363,715
